0,0,0,0,0,0,0,0,0,0,0,0,0,0,0,0,0,0,0,0,0,0,0,0,0,0,0,0,0,0,0,0,0,0,0,0,0,0,0,0,0,0,0,0,0,0,0,0,0,0,0,0,0,0,0,0,0,0,0,0,0,0,0,0,0,0,0,0,0,0,0,0,0,0,0,0,0,0,0,0,0,0,0,0,0,0,0,0,0,0,0,0,0,0,0,0,0,0,0,0
0,0,0,0,0,0,0,0,0,0,0,0,0,0,0,0,0,0,0,0,0,0,0,0,0,0,0,0,0,0,0,0,0,0,0,0,0,0,0,0,0,0,0,0,0,0,0,0,0,0,0,0,0,0,0,0,0,0,0,0,0,0,0,0,0,0,0,0,0,0,0,0,0,0,0,0,0,0,0,0,0,0,0,0,0,0,0,0,0,0,0,0,0,0,0,0,0,0,0,0
0,0,0,0,0,0,0,0,0,0,0,0,0,0,0,0,0,0,0,0,0,0,0,0,0,0,0,0,0,0,0,0,0,0,0,0,0,0,0,0,0,0,0,0,0,0,0,0,0,0,0,0,0,0,0,0,0,0,0,0,0,0,0,0,0,0,0,0,0,0,0,0,0,0,0,0,0,0,0,0,0,0,0,0,0,0,0,0,0,0,0,0,0,0,0,0,0,0,0,0
0,0,0,0,0,0,0,0,0,0,0,0,0,0,0,0,0,0,0,0,0,0,0,0,0,0,0,0,0,0,0,0,0,0,0,0,0,0,0,0,0,0,0,0,0,0,0,0,0,0,0,0,0,0,0,0,0,0,0,0,0,0,0,0,0,0,0,0,0,0,0,0,0,0,0,0,0,0,0,0,0,0,0,0,0,0,0,0,0,0,0,0,0,0,0,0,0,0,0,0
0,0,0,0,0,0,0,0,0,0,0,0,0,0,0,0,0,0,0,0,0,0,0,0,0,0,0,0,0,0,0,0,0,0,0,0,0,0,0,0,0,0,0,0,0,0,0,0,0,0,0,0,0,0,0,0,0,0,0,0,0,0,0,0,0,0,0,0,0,0,0,0,0,0,0,0,0,0,0,0,0,0,0,0,0,0,0,0,0,0,0,0,0,0,0,2084,2084,2084,2084,0
0,0,0,0,0,0,0,0,0,0,0,0,0,0,0,0,0,0,0,0,0,0,0,0,0,0,0,0,0,0,0,0,0,0,0,0,0,0,0,0,0,0,0,0,0,0,0,0,0,0,0,0,0,0,0,0,0,0,0,0,0,0,0,0,0,0,0,0,0,0,0,0,0,0,0,0,0,0,0,0,0,0,0,0,0,0,0,0,0,0,0,0,0,0,0,2084,2084,2084,2084,0
0,0,0,0,0,0,0,0,0,0,0,0,0,0,0,0,0,0,0,0,0,0,0,0,0,0,0,0,0,0,0,0,0,0,0,0,0,0,0,0,0,0,0,0,0,0,0,0,0,0,0,0,0,0,0,0,0,0,0,0,0,0,0,0,0,0,0,0,0,0,0,0,0,0,0,0,0,0,0,0,0,0,0,0,0,0,0,0,0,0,0,0,0,0,0,2084,2084,2084,2084,0
0,0,0,0,0,0,0,0,0,0,0,0,0,0,0,0,0,0,0,0,0,0,0,0,0,0,0,0,0,0,0,0,0,0,0,0,0,0,0,0,2448,0,0,0,0,0,0,0,0,0,0,0,0,0,0,0,0,0,0,0,0,0,0,0,0,0,0,0,0,0,0,0,0,0,0,0,0,0,0,0,0,0,0,0,0,0,0,0,0,0,0,0,0,0,0,2084,2084,2084,2084,0
0,0,0,0,0,0,0,0,0,0,0,1776,1777,0,0,0,0,0,0,0,0,0,0,0,0,0,0,0,0,0,0,0,0,0,0,0,0,0,0,0,2447,2448,0,0,0,0,0,0,0,0,0,0,0,0,0,0,0,0,0,0,0,0,0,0,0,0,0,0,0,0,0,0,0,0,0,0,0,0,0,0,0,0,0,0,0,0,0,0,0,0,0,0,0,0,0,2084,2084,2084,2084,0
0,0,0,0,0,0,0,0,0,0,0,1835,1836,0,0,0,0,0,0,0,0,0,0,0,0,0,0,0,0,0,0,0,0,0,0,0,0,0,0,0,2447,2447,2448,0,0,0,0,0,0,0,0,0,0,0,0,0,0,0,0,0,0,0,0,0,0,0,0,0,0,0,0,0,0,0,0,0,0,0,0,0,0,0,0,0,0,0,0,0,0,0,0,0,0,0,0,2084,2084,2084,2084,0
0,0,0,0,0,0,1997,1998,1702,1702,1702,1702,1702,1702,1702,1702,1702,1999,2000,0,0,0,0,0,0,0,0,0,0,0,0,0,0,0,0,0,0,0,0,0,2447,2447,2447,0,0,0,0,0,0,0,0,0,0,0,0,0,0,0,0,0,0,0,0,0,0,0,0,0,0,0,0,0,0,0,0,0,0,0,0,0,0,0,0,0,0,0,0,0,0,0,0,0,0,0,0,2084,2084,2084,2084,0
0,0,0,0,1997,1998,2054,2108,2108,2108,2108,2108,2108,2108,2108,2108,2108,2108,2059,1999,2000,0,0,0,0,0,0,0,0,0,0,0,0,0,0,0,0,0,0,0,2453,2454,2455,0,0,0,0,0,0,0,0,0,0,0,0,0,0,0,0,0,0,0,0,0,0,0,0,0,0,0,0,0,0,0,0,0,0,0,0,0,0,0,0,0,0,0,0,0,0,0,0,0,0,0,0,2084,2084,2084,2084,0
0,0,1997,1998,2054,2108,2108,2108,2108,2108,2108,2108,2108,2108,2108,2108,2108,2108,2108,2108,2059,1999,2000,0,0,0,0,0,0,0,0,0,0,0,0,0,0,0,0,1701,1702,1702,1702,1703,0,0,0,0,0,0,0,0,0,0,0,0,0,0,0,0,0,0,0,0,0,0,0,0,0,0,0,0,0,0,0,0,0,0,0,0,0,0,0,0,0,0,0,0,0,0,0,0,0,0,0,2084,2084,2084,2084,0
1997,1998,2054,2108,2108,2108,2108,2108,2108,2108,2108,2108,2108,2108,2108,2108,2108,2108,2108,2108,2108,2057,2059,1999,2000,0,0,0,0,0,0,0,0,0,0,0,0,0,0,1760,1754,1754,1754,1762,0,0,0,0,0,0,0,0,0,0,0,0,0,0,0,0,0,0,0,0,0,0,0,0,0,0,0,0,0,1997,1998,1702,1702,1702,1702,1702,1703,0,0,0,0,0,0,0,0,0,0,0,0,0,0,2084,2084,2084,2084,0
1760,2108,2108,2108,2108,2108,2108,2108,2108,2108,2108,2108,2108,2108,2108,2108,2108,2108,2108,2108,2108,2108,2108,2108,2059,1999,2000,0,0,0,0,0,0,0,0,0,0,0,0,1760,1754,1754,1754,1762,0,0,0,0,0,0,0,0,0,0,0,0,0,0,0,0,0,0,0,0,0,0,0,0,0,1991,1992,2051,2052,1760,1761,2290,2108,2108,2108,2108,1762,0,0,0,0,0,0,0,0,0,0,0,0,0,0,2084,2084,2084,2084,0
1760,2108,2108,2108,2108,2108,2108,2108,2108,2108,2108,2108,2108,2108,2108,2108,2108,2108,2108,2108,2108,2108,2108,2108,2108,2108,2059,1999,2000,0,0,0,0,0,0,0,0,0,0,1760,1754,1754,1754,1762,0,0,0,0,0,0,0,0,0,0,0,0,0,0,0,0,0,0,0,0,0,0,0,1991,1992,2053,1761,1761,1761,1760,1754,2291,2231,2232,2232,2233,1762,0,0,0,0,0,0,0,0,0,0,0,0,0,0,2084,2084,2084,2084,0
1760,2108,2108,2108,2108,2108,2108,2108,2108,2108,2108,2108,2108,2108,2108,2108,2108,2108,2108,2108,2108,2108,2108,2108,2108,2108,2108,2108,2059,1999,2000,0,0,0,0,0,0,0,0,1760,1754,1754,1754,1762,0,0,0,0,0,0,0,0,0,0,0,0,0,0,0,0,0,0,0,0,0,1991,1992,2053,1761,1761,1761,1761,1761,1760,1754,2291,2108,2108,2108,2108,1762,0,0,0,0,0,0,0,0,0,0,0,0,0,0,2084,2084,2084,2084,0
1760,2108,2108,2108,2108,2108,2108,2108,2108,2108,2108,2108,2108,2108,2108,2108,2108,2108,2108,2108,2108,2108,2108,2108,2108,2108,2108,2108,2108,2108,2059,1999,2000,0,0,0,0,0,0,1760,1754,1754,1754,1762,0,0,0,0,0,0,0,0,0,0,0,0,0,0,0,0,0,0,0,1991,1992,2053,1761,1761,1761,1761,1761,1761,1761,1819,1702,1702,1702,1702,1702,1703,1930,1702,1702,1702,1702,1702,1702,1702,1703,0,0,0,0,0,0,2084,2084,2084,2084,0
3694,3694,3694,3694,3694,3694,3694,3694,3694,3694,3694,3694,3694,3694,3694,3694,3694,3694,3694,3694,3694,3694,3694,3694,3694,3694,3694,3694,3694,3694,3694,3694,3694,3694,3694,3694,3694,3694,3694,3694,3694,3694,3694,3694,3694,3694,3694,3694,3694,3694,3694,3694,3694,3694,3694,3694,3694,3694,3694,3694,3694,3694,3694,3694,3694,3694,3694,3694,3694,3694,3694,3694,3694,3694,3694,3694,3694,3694,3694,3694,3694,3694,3694,3694,3694,3694,3694,3694,3694,3694,3694,3694,3694,3694,3694,3694,3694,3694,3694,3694