//background 1 da fase 1
//esse cenario é o que ficara mais proximo do jogador.
//esse arquivo de configuração presupoe que o que naõ é comentario é configuração
0,0,0,0,0,0,0,0,0,0,0,0,0,0,0,0,0,0,0,0,0,0,0,0,0,0,0,0,0,0,0,0,0,0,0,0,0,0,0,0,0,0,0,0,0,0,0,0,0,0,0,0,0,0,0,0,0,0,0,0,0,0,0,0,0,0,0,0,0,0,0,0,0,0,0,0,0,0,0,0,0,0,0,0,0,0,0,0,0,0,0,0,0,0,0,0,0,0,0,0
0,0,0,0,0,0,0,0,0,0,0,0,0,0,0,0,0,0,0,0,0,0,0,0,0,0,0,0,0,0,0,0,0,0,0,0,0,0,0,0,0,0,0,0,0,0,0,0,0,0,0,0,0,0,0,0,0,0,0,0,0,0,0,0,0,0,0,0,0,0,0,0,0,0,0,0,0,0,0,0,0,0,0,0,0,0,0,0,0,0,0,0,0,0,0,0,0,0,0,0
0,0,0,0,0,0,0,0,0,0,0,0,0,0,0,0,0,0,0,0,0,0,0,0,0,0,0,0,0,0,0,0,0,0,0,0,0,0,0,0,0,0,0,0,0,0,0,0,0,0,0,0,0,0,0,0,0,0,0,0,0,0,0,0,0,0,0,0,0,0,0,0,0,0,0,0,0,0,0,0,0,0,0,0,0,0,0,0,0,0,0,0,0,0,0,0,0,0,0,0
39,40,41,0,0,0,0,0,0,0,0,0,0,0,0,0,0,0,0,0,0,0,0,0,0,0,0,0,0,0,0,0,0,0,0,0,0,0,0,0,0,0,0,0,0,0,0,0,0,0,0,0,0,0,0,0,0,0,0,0,0,0,0,0,0,0,0,0,0,0,0,0,0,0,0,0,0,0,0,0,0,0,0,0,0,0,0,0,0,0,0,0,0,0,0,0,0,0,0,0
98,745,100,0,0,0,0,0,0,0,0,0,0,0,0,0,0,0,0,0,0,0,0,0,0,0,0,0,0,0,0,0,0,0,0,0,0,0,0,0,0,0,0,0,0,0,0,0,0,0,0,0,0,0,0,0,0,0,0,0,0,0,0,0,0,0,0,0,0,0,0,0,0,0,0,0,0,0,0,0,0,0,0,0,0,0,0,0,0,0,0,0,0,0,0,0,0,0,0,0
98,745,268,96,41,0,0,0,0,0,0,0,0,0,0,0,0,0,0,0,0,0,0,0,0,0,0,0,0,0,0,0,0,0,0,0,0,0,0,0,0,0,0,0,0,0,0,0,0,0,0,0,0,0,0,0,0,0,0,0,0,0,0,0,0,0,0,0,0,0,0,0,0,0,0,0,0,0,0,0,0,0,0,0,0,0,0,0,0,0,0,0,0,0,0,0,0,0,0,0
98,745,628,628,100,0,0,0,0,0,0,0,0,0,0,0,0,0,0,0,0,0,0,0,0,0,0,0,0,0,0,0,0,0,0,0,0,0,0,0,0,0,0,0,0,0,0,0,0,0,0,0,0,0,0,0,0,0,0,0,0,0,0,0,0,0,0,0,0,0,0,0,0,0,0,0,0,0,0,0,0,0,0,0,0,0,0,0,0,0,0,0,0,0,0,0,0,0,0,0
98,745,629,629,268,41,0,0,0,0,0,0,0,0,0,0,0,0,0,0,0,0,0,0,0,0,0,0,0,0,0,0,0,0,0,0,0,0,0,0,0,0,0,0,0,0,0,0,0,0,0,0,0,0,0,0,0,0,0,0,0,0,0,0,0,0,0,0,0,0,0,0,0,0,0,0,0,0,0,0,0,0,0,1841,0,0,0,0,0,0,0,0,0,0,1841,0,0,0,0,0
98,745,629,629,629,100,0,0,0,0,0,0,0,0,0,3593,3594,3595,0,0,0,0,0,0,0,0,0,0,0,0,0,0,0,0,0,0,0,0,0,0,0,0,0,0,0,0,0,1599,1599,0,0,0,0,0,0,0,0,0,0,0,0,0,0,0,0,0,0,0,0,0,0,0,0,0,0,0,0,0,0,0,0,0,0,1841,0,0,0,0,0,0,0,0,0,0,1841,0,0,0,0,0
98,745,629,630,629,100,0,0,0,0,0,0,0,0,3651,3652,3653,3654,0,0,0,0,0,0,0,0,0,0,0,0,0,0,0,0,0,0,0,0,0,0,0,0,0,0,0,0,0,1598,1598,0,0,0,0,0,0,0,0,0,0,0,0,0,0,0,0,0,0,0,0,0,0,0,0,0,0,0,0,0,0,0,0,0,0,1841,0,0,0,0,0,0,0,0,0,0,1841,0,0,0,1843,1844
98,745,630,92,630,268,41,0,0,0,0,0,0,3709,3710,3711,3712,3713,0,0,0,0,0,0,0,0,0,0,0,0,0,0,0,0,0,0,0,0,0,0,0,0,0,0,0,0,0,587,588,0,0,0,0,0,0,0,0,0,0,0,0,0,0,0,0,0,0,0,0,0,0,0,0,0,0,0,0,0,2015,0,0,0,0,1841,0,0,0,0,0,0,0,0,0,0,1841,0,0,0,2197,2197
98,745,569,570,570,571,100,0,0,0,0,0,0,3768,3769,3770,3771,3772,0,0,0,0,0,0,0,0,0,0,0,0,0,0,0,0,0,0,0,0,0,0,0,0,0,0,0,0,0,646,647,0,0,0,0,0,0,0,0,0,0,0,0,0,0,0,0,0,0,0,0,0,0,0,0,0,0,0,0,1838,1839,0,0,0,0,1841,0,0,0,0,0,0,0,0,0,0,1841,0,0,0,2197,2197
98,745,629,92,629,629,268,41,0,0,0,0,0,7,8,9,10,10,11,0,0,0,0,0,0,0,0,0,0,0,0,53,54,55,0,0,0,0,0,0,0,0,0,0,0,0,0,646,647,0,0,0,0,0,0,0,0,0,0,0,0,0,0,0,0,0,0,0,0,0,0,0,0,0,0,0,0,2373,2373,1725,0,0,0,1841,0,0,0,0,0,0,0,0,0,0,1841,0,0,0,2197,2197
98,745,629,92,630,629,629,100,0,0,0,0,0,0,67,68,68,69,0,0,0,0,0,0,0,0,0,0,0,0,0,0,113,53,54,55,0,0,0,0,0,0,0,0,0,0,0,646,647,0,0,0,0,0,0,0,0,1605,1606,1606,1607,0,0,0,0,0,0,0,0,0,0,0,0,0,0,0,0,2373,2373,3417,1725,0,0,1841,0,0,0,0,0,0,0,0,0,0,1841,0,0,1726,1440,1441
98,745,569,570,570,570,571,100,0,0,0,124,125,126,126,186,128,128,128,129,130,865,867,0,0,0,0,0,0,0,0,0,53,54,55,0,0,39,41,0,0,0,0,0,0,0,0,646,647,0,0,0,0,0,0,0,0,804,804,804,804,0,0,0,0,0,0,0,0,0,0,0,0,0,0,0,0,1630,1630,3417,0,1725,0,1841,0,0,0,0,0,0,0,0,0,0,1841,0,1726,0,1499,1500
98,745,628,92,629,629,628,100,0,0,0,181,183,184,185,186,187,188,189,190,191,924,926,0,0,0,0,0,0,0,0,0,113,230,230,0,0,98,100,0,0,0,0,0,0,0,0,646,647,0,0,690,0,0,0,0,0,959,959,959,959,0,0,0,0,800,0,0,0,0,0,0,0,0,0,1983,1984,1688,1689,2946,0,0,1725,1847,1847,1847,1847,1847,1847,1847,1847,1847,1847,1847,1847,1726,0,1385,1385,1385
98,745,629,92,630,630,630,100,0,0,0,0,302,303,244,245,246,305,305,306,0,924,926,0,0,0,0,0,0,0,0,0,113,230,230,0,0,98,100,0,0,0,0,0,0,0,0,646,647,0,56,57,58,0,0,0,0,2452,2452,2452,2452,0,0,800,299,299,299,299,299,800,0,0,0,1983,1984,2042,1740,1740,1748,2946,0,0,1897,1898,1898,1898,1898,1898,1898,1898,1898,1898,1898,1898,1898,1903,0,1385,1385,1385
157,158,158,158,158,158,158,159,1535,1536,1536,1537,302,303,303,304,305,305,305,306,0,924,926,0,0,0,0,0,0,0,0,0,113,230,230,0,0,98,100,0,0,0,0,0,0,0,0,646,647,56,57,57,57,58,0,0,0,2466,2466,2466,2466,0,299,299,299,299,299,299,299,299,299,1983,1984,2042,1740,1740,1740,1740,1748,2946,0,0,2015,1957,1957,1957,1957,1957,1957,1957,1957,1957,1957,1957,1957,1962,0,1385,1385,1385
57,57,57,57,57,57,57,57,57,57,57,57,57,57,57,57,57,57,57,57,57,57,57,57,57,41,0,0,0,0,2516,2517,2517,2517,2517,2517,2517,2517,2517,2517,2517,2518,0,0,0,0,865,866,866,866,866,866,866,867,0,0,1687,1688,1688,1688,1688,1688,1688,1688,1688,1688,1688,1688,1688,1688,1688,1688,1688,1688,1688,1688,1688,1688,1688,1689,0,0,2015,1957,1957,1957,1957,1957,1957,1957,1957,1957,1957,1957,1957,1962,0,1385,1385,1385